function [xs,ws,na]=alpertquad()

% From Alpert's paper, the first column contains nodes
% the second column contains weights
quad16=[8.371529832014113D-04, 3.190919086626234D-03;
1.239382725542637D-02, 2.423621380426338D-02;
6.009290785739468D-02, 7.740135521653088D-02;
1.805991249601928D-01, 1.704889420286369D-01;
4.142832599028031D-01, 3.029123478511309D-01;
7.964747731112430D-01, 4.652220834914617D-01;
1.348993882467059D+00, 6.401489637096768D-01;
2.073471660264395D+00, 8.051212946181061D-01;
2.947904939031494D+00, 9.362411945698647D-01;
3.928129252248612D+00, 1.014359775369075D+00;
4.957203086563112D+00, 1.035167721053657D+00;
5.986360113977494D+00, 1.020308624984610D+00;
6.997957704791519D+00, 1.004798397441514D+00;
7.999888757524622D+00, 1.000395017352309D+00;
8.999998754306120D+00, 1.000007149422537D+00];

xs=quad16(:,1);
ws=quad16(:,2);

na=10;

end
        